1,638
5,952
114
938
380
759
199,110
828
517
860
22,322
737
3,585
4,801
154
12,021
511
1,145
1,567
1,174
86
1,736
1,173
340
590
2,129
4,346
1,455
745
20,362
1,330
19,124
4,097
373
23,832
899
15,548
21,193
22,581
371
860
130
795
2,966
26,550
4,193
396
1,509
71
632
15,651
1,033
11,953
409
449
45,193
382
13,074
10,751
4,278
6,943
813
13,370
223
8,202
1,918
453
143
978
6,441
864
299
19,093
664
237
714
2,711
1,256
661
1,313
13,057
96
4,243
678
938
202
956
12,114
4,125
994
1,300
1,155
398
312
30,028
1,842
985
464
1,197
13,656
1,425
2,112
114
1,831
19,400
11,169
1,543
19,212
632
5,884
120
34,255
8,545
558
2,746
233
12,362
207
172
244
1,455
933
163
2,438
3,353
524
1,748
577
10,635
2,046
8,235
5,479
7,101
7,515
73,007
2,047
3,674
4,915
524
3,241
267
852
130
272
188
4,019
10,400
1,773
103
23,999
4,113
5,148
189
1,049
155
745
132
289
228
8,375
290
21,901
63
711
526
296,943
13,314
384
455
548
276
13,209
396,815
46,121
3,234
152
1,214
168
6,325
2,165
479
4,427
407
6,384
787,033
2,137
1,582
347
185
12,841
1,153
1,085
496
583
7,104
421
11,216
2,584
1,180
4,630
2,171
1,852
2,534
413
367
179
49,652
638
597
1,830
1,044
222
141,527
5,736
79
16,494
1,285
34,753
356
7,101
3,103
2,655
1,799
129
665
304
12,826
3,051
1,529
41,751
875
318
1,591
17,843
18,577
11,195
4,721
819
8,407
2,012
437
834
509
57
1,905
1,410
2,188
54,533
299
13,465
2,415
48,920
2,767
32,352
1,699
42,510
7,437
3,109
83
16,826
1,009
1,283
330
818
41,202
473
232
879
1,461
18,720
485
1,478
1,430
3,726
13,441
1,064
11,771
1,326
423
2,493
369
16,734
258
176
33,248
653
10,512
3,641
2,391
125
28,849
2,325
2,270
6,215
1,288
2,336
4,331
5,547
513
2,581
184
9,958
1,001
2,155
173
272
923
425
1,791
1,288
3,611
212
6,636
965
399
6,536
5,646
221
881
76
25,699
374
4,639
3,615
1,368
13,227
1,476
35,575
5,363
402
879
546
62,477
576
221
921
408
123
204
320
9,897
235
417
397
2,944
546
1,188
215
448
10,310
2,336
224
155
3,581
251
254
8,345
1,130
28,435
221
6,605
1,406
1,109
52
1,764
227
338
372
950
303
7,874
38,101
22,262
705
431
7,149
7,133
387
11,129
136
6,397
63
1,462
481
1,993
3,120
1,203
221
562
427
161
692
4,632
819
1,542
312
28,904
8,262
56,163
179
817
1,032
243
118
525
6,866
646
445
2,103
226
3,068
1,072
52,131
38,780
747
193
474
527
20,033
1,314
158
1,959
2,093
1,820
176
4,822
1,180
38,771
151
3,286
446
179
2,821
1,106
237
141
3,449
2,746
7,152
9,904
64,097
3,417
325
2,641
9,186
12,081
549
1,155
86
615
1,012
208
1,499
14,001
562
1,701
725
1,648
1,784
3,263
11,188
501
186
8,726
3,184
268
978
975
265
671
1,189
2,023
47,821
1,043
23,138
573
903
342
3,403
14,085
36,837
112
756
237
6,915
463
22,094
30,712
32,149
896
14,286
3,460
19,155
1,644
26,678
275
662
47,159
7,443
627
569
20,181
15,946
2,694
576
2,530
48,694
315
754
322
137
1,367
6,709
792
1,200
112
137
3,025
1,044
708
144
43
727
3,720
1,272
3,454
2,805
3,853
12,442
1,400
165
10,251
4,072
6,307
3,320
399
303
1,188
185
492
204
241
3,660
6,098
3,664
478
1,782
16,990
627
360
5,012
449
104
8,749
197
1,957
131
5,392
760
100
7,724
272
47,573
320
99
515
2,272
2,978
2,167
5,785
3,822
2,491
14,227
801
879
3,995
4,731
2,461
892
2,249
1,621
1,629
17,288
2,582
249
722
4,795
392
2,672
1,224
967
1,238
136
354
19,266
3,432
857
17,488
9,397
560
3,677
478
2,923
1,490
32,718
893
1,027
29,465
205
30,444
236
5,265
12,085
17,012
102
19,207
2,759
1,551
3,667
9,202
608
8,286
4,532
59
705
279
9,024
6,225
3,323
197
20,291
270
8,380
1,660
302
643
4,460
4,517
976
87
794
21,371
19,563
200
1,153
81,601
20,718
218
14,962
139
3,605
1,194
1,782
1,371
565
5,979
1,663
20,623
735
557
733
18,291
2,181
1,380
20,522
388
4,225
157
447
1,200
154
960
1,857
2,555
336
1,852
438
6,056
371
20,226
569
254
288
11,500
1,592
574
1,112
138
502
706
675
159
11,724
570
417
10,385
3,404
36
549
35,893
3,648
481
10,546
2,229
338
830
1,750
606
6,491
545
25,201
1,508
182
529
1,120
417
20,213
237
94
1,852
201
6,293
219
516
302
1,391
561
640
393
2,564
4,368
5,184
2,427
373
129
8,332
2,089
12,303
129
1,311
25,793
166
980
413
763
286
944
4,420
457
11,804
751
2,296
3,785
28,448
13,560
655
681
3,982
9,137
9,317
304
827
649
1,514
21,229
2,519
4,788
133
869
1,252
23,348
1,481
281
1,688
1,744
1,693
22,295
4,115
3,958
3,810
204
355
384
866
1,989
161
753
2,223
17,409
11,223
60,608
479
81
18,659
503
177
560
34,837
2,608
294
16,028
44,750
10,713
1,335
177
2,220
426
254
135
4,389
3,690
861
18,965
826
17,537
282
2,251
5,785
991
604
17,963
1,372
675
9,689
280
287,208
367
5,091
375
11,869
390
24,431
25,058
1,056
18,795
5,413
6,419
1,666
233
222
13,539
33,771
6,596
11,793
960
2,132
212
2,034
620
328
15,246
359
10,846
124
10,594
494
2,687
222
21,567
471
1,047
3,019
338
2,281
9,867
41,557
13,542
682
14,192
801
5,523
7,332
4,408
887
718
923
847
2,834
4,802
5,663
3,541
1,340
13,143
197
36,120
499
1,115
4,222
2,321
32,729
206
1,805
474
682
174
4,630
1,590
134
1,464
3,241
1,671
358
18,062
4,149
12,750
149
6,236
2,490
1,023
22,268
9,485
14,171
397
12,520
304
125
1,051
2,209
3,924
3,294
884
2,384
305
2,135
26,119
13,575
194
8,428
25,719
79
3,487
96
1,079
66,982
278
197
25,487
169
